-6.77499 4.36586 1.89566 -9.8583 1.24368 -0.40483 5.29793 7.29397 -0.67057 -2.2612 -6.99568 11.30658 3.44877 13.99741 -1.81252 -10.56278 1.5995 -14.55233 -2.92445 1.11852
-0.57758 0.20376 0.22199 -0.38102 0.12421 -0.04184 0.11351 0.31448 0.00742 -0.22229 -0.29862 0.57553 0.2597 0.80438 -0.10155 -0.55055 0.20142 -0.77067 -0.19419 0.10244
3.27195 -2.12436 -0.87753 4.47993 -0.51512 0.22588 -2.52336 -3.32319 0.27377 1.1022 3.12851 -5.06491 -1.66688 -6.46522 0.81887 4.76425 -0.675 6.69241 1.39514 -0.54046
-5.86652 3.75014 1.56779 -8.26851 1.0829 -0.50284 4.62219 6.18337 -0.4671 -1.76956 -5.89266 9.4552 2.91207 11.76705 -1.58784 -8.80711 1.30198 -12.32717 -2.56458 0.97328
2.79421 -1.88614 -0.81815 4.32427 -0.58797 0.17563 -2.3828 -3.18378 0.39173 0.83359 3.11935 -4.92297 -1.51629 -6.03427 0.80941 4.79073 -0.72078 6.37203 1.25952 -0.4289
-2.69592 1.77785 0.7502 -4.09328 0.53998 -0.16449 2.32592 3.05958 -0.38725 -0.83542 -2.89773 4.69752 1.35398 5.74761 -0.67208 -4.43044 0.49969 -5.95787 -1.16923 0.3335
3.57565 -2.36077 -1.02929 4.9437 -0.66778 0.30221 -2.69454 -3.66593 0.29906 1.10949 3.53577 -5.60243 -1.76919 -7.15089 1.02805 5.38941 -0.71848 7.3212 1.48103 -0.65707
11.26248 -7.15884 -2.98862 15.84836 -2.1209 0.88256 -8.5737 -11.71164 0.87687 3.62178 11.31357 -18.18948 -5.68624 -22.76571 2.8926 16.97472 -2.58038 23.55042 4.82016 -1.76551
2.73016 -1.76481 -0.8588 4.09597 -0.49185 0.24938 -2.26161 -2.94205 0.29248 0.79534 2.99464 -4.83425 -1.36166 -5.88323 0.78814 4.49609 -0.64656 6.09949 1.2791 -0.443
-2.31338 1.61577 0.67629 -3.17896 0.37676 -0.16571 1.70064 2.36062 -0.18216 -0.73143 -2.32754 3.68824 1.19199 4.60938 -0.60781 -3.50845 0.48853 -4.85428 -0.91728 0.41367
8.36625 -5.3724 -2.18449 11.51054 -1.42601 0.6179 -6.23198 -8.69038 0.63285 2.7468 8.09604 -13.33224 -4.21761 -16.58492 2.18371 12.33595 -1.79563 17.17508 3.59253 -1.29058
8.22163 -5.14838 -2.17649 11.33643 -1.44336 0.75906 -6.20565 -8.49441 0.56636 2.65026 7.98158 -13.07929 -4.1161 -16.30647 2.12395 12.19606 -1.89917 16.92139 3.462 -1.2809
-8.18097 5.43914 2.14114 -11.89549 1.53757 -0.52791 6.57436 8.69927 -0.64808 -2.62881 -8.3314 13.49188 4.10777 16.82956 -2.22749 -12.67993 1.68939 -17.45017 -3.53255 1.31957
0.1056 -0.04242 -0.11858 0.27214 -0.09802 -0.01795 -0.16033 -0.09294 0.07496 0.05917 0.36218 -0.35269 -0.13358 -0.36457 0.00469 0.40147 -0.0479 0.4432 0.02187 -0.07824
-0.30934 0.18596 0.12649 -0.41179 0.06637 -0.1137 0.15736 0.16189 -0.00706 -0.06523 -0.27554 0.52179 0.22004 0.50751 -0.08572 -0.38027 0.12688 -0.55842 -0.09154 0.07166
-6.84173 4.22821 1.85949 -9.24025 1.23833 -0.76358 4.97446 6.9736 -0.53729 -2.19166 -6.64516 10.84623 3.55809 13.55237 -1.74602 -10.06007 1.65341 -14.10386 -2.88864 1.12282
-0.45311 0.29459 0.15551 -0.46438 0.12943 -0.0782 0.24144 0.39428 -0.11526 -0.16124 -0.47505 0.63634 0.23076 0.88331 -0.09087 -0.72057 0.1856 -0.83368 -0.22288 0.1453
0.2493 -0.15438 -0.15193 0.46437 -0.12566 0.04666 -0.18106 -0.42556 0.08748 0.19368 0.38793 -0.5758 -0.20671 -0.64331 0.00651 0.51936 -0.12929 0.79041 0.19977 -0.03408
0.23595 -0.13787 -0.07612 0.4047 -0.04397 0.10142 -0.13064 -0.14832 0.10811 -0.06429 0.28671 -0.53205 -0.09421 -0.50815 0.03014 0.42448 -0.07691 0.55024 0.04788 -0.16384
-3.48987 2.2349 1.00042 -5.16008 0.63472 -0.31744 2.77357 3.75851 -0.2997 -1.08077 -3.70135 5.88629 1.85625 7.30275 -0.87241 -5.56413 0.81872 -7.54679 -1.60178 0.59112